{
  "accessors": [
    {
      "bufferView": 2,
      "componentType": 5126,
      "count": 65532,
      "max": [
        944.8626098632813,
        -72.75904846191406,
        -31.65027618408203
      ],
      "min": [
        732.2769165039063,
        -273.10693359375,
        -77.99311065673828
      ],
      "type": "VEC3"
    },
    {
      "bufferView": 2,
      "byteOffset": 786384,
      "componentType": 5126,
      "count": 65532,
      "max": [
        0.9998650550842285,
        0.9999380707740784,
        0.9999995827674866
      ],
      "min": [
        -0.9999831914901733,
        -0.9998977780342102,
        -0.9999999403953552
      ],
      "type": "VEC3"
    },
    {
      "bufferView": 1,
      "componentType": 5126,
      "count": 65532,
      "max": [
        1.0,
        1.0
      ],
      "min": [
        0.0,
        -1.8079237937927246
      ],
      "type": "VEC2"
    },
    {
      "bufferView": 0,
      "componentType": 5125,
      "count": 369351,
      "type": "SCALAR"
    },
    {
      "bufferView": 2,
      "byteOffset": 1572768,
      "componentType": 5126,
      "count": 65532,
      "max": [
        944.8880615234375,
        -73.782470703125,
        -0.0016943577211350203
      ],
      "min": [
        732.8077392578125,
        -272.39410400390625,
        -77.99649047851563
      ],
      "type": "VEC3"
    },
    {
      "bufferView": 2,
      "byteOffset": 2359152,
      "componentType": 5126,
      "count": 65532,
      "max": [
        0.9999162554740906,
        0.9997747540473938,
        1.0
      ],
      "min": [
        -0.9998760223388672,
        -0.972025990486145,
        -1.0
      ],
      "type": "VEC3"
    },
    {
      "bufferView": 1,
      "byteOffset": 524256,
      "componentType": 5126,
      "count": 65532,
      "max": [
        1.0,
        1.0
      ],
      "min": [
        0.0,
        0.06778812408447266
      ],
      "type": "VEC2"
    },
    {
      "bufferView": 0,
      "byteOffset": 1477404,
      "componentType": 5125,
      "count": 367947,
      "type": "SCALAR"
    },
    {
      "bufferView": 2,
      "byteOffset": 3145536,
      "componentType": 5126,
      "count": 55319,
      "max": [
        944.8626098632813,
        -72.7555160522461,
        -0.0031085810624063015
      ],
      "min": [
        732.2769165039063,
        -273.744384765625,
        -77.98255920410156
      ],
      "type": "VEC3"
    },
    {
      "bufferView": 2,
      "byteOffset": 3809364,
      "componentType": 5126,
      "count": 55319,
      "max": [
        0.9998404383659363,
        0.9998646378517151,
        0.9999999403953552
      ],
      "min": [
        -0.9998760223388672,
        -0.9977824091911316,
        -0.9999990463256836
      ],
      "type": "VEC3"
    },
    {
      "bufferView": 1,
      "byteOffset": 1048512,
      "componentType": 5126,
      "count": 55319,
      "max": [
        0.9958580732345581,
        0.9996881484985352
      ],
      "min": [
        0.0012588601093739271,
        -1.029571533203125
      ],
      "type": "VEC2"
    },
    {
      "bufferView": 0,
      "byteOffset": 2949192,
      "componentType": 5125,
      "count": 303726,
      "type": "SCALAR"
    },
    {
      "bufferView": 2,
      "byteOffset": 4473192,
      "componentType": 5126,
      "count": 65532,
      "max": [
        944.8626098632813,
        -72.75904846191406,
        -31.65027618408203
      ],
      "min": [
        732.2769165039063,
        -273.10693359375,
        -77.99311065673828
      ],
      "type": "VEC3"
    },
    {
      "bufferView": 2,
      "byteOffset": 5259576,
      "componentType": 5126,
      "count": 65532,
      "max": [
        0.9998650550842285,
        0.9999380707740784,
        0.9999995827674866
      ],
      "min": [
        -0.9999831914901733,
        -0.9998977780342102,
        -0.9999999403953552
      ],
      "type": "VEC3"
    },
    {
      "bufferView": 1,
      "byteOffset": 1491064,
      "componentType": 5126,
      "count": 65532,
      "max": [
        1.0,
        1.0
      ],
      "min": [
        0.0,
        -1.8079237937927246
      ],
      "type": "VEC2"
    },
    {
      "bufferView": 0,
      "byteOffset": 4164096,
      "componentType": 5125,
      "count": 369351,
      "type": "SCALAR"
    },
    {
      "bufferView": 2,
      "byteOffset": 6045960,
      "componentType": 5126,
      "count": 65532,
      "max": [
        944.8880615234375,
        -73.782470703125,
        -0.0016943577211350203
      ],
      "min": [
        732.8077392578125,
        -272.39410400390625,
        -77.99649047851563
      ],
      "type": "VEC3"
    },
    {
      "bufferView": 2,
      "byteOffset": 6832344,
      "componentType": 5126,
      "count": 65532,
      "max": [
        0.9999162554740906,
        0.9997747540473938,
        1.0
      ],
      "min": [
        -0.9998760223388672,
        -0.972025990486145,
        -1.0
      ],
      "type": "VEC3"
    },
    {
      "bufferView": 1,
      "byteOffset": 2015320,
      "componentType": 5126,
      "count": 65532,
      "max": [
        1.0,
        1.0
      ],
      "min": [
        0.0,
        0.06778812408447266
      ],
      "type": "VEC2"
    },
    {
      "bufferView": 0,
      "byteOffset": 5641500,
      "componentType": 5125,
      "count": 367947,
      "type": "SCALAR"
    },
    {
      "bufferView": 2,
      "byteOffset": 7618728,
      "componentType": 5126,
      "count": 55319,
      "max": [
        944.8626098632813,
        -72.7555160522461,
        -0.0031085810624063015
      ],
      "min": [
        732.2769165039063,
        -273.744384765625,
        -77.98255920410156
      ],
      "type": "VEC3"
    },
    {
      "bufferView": 2,
      "byteOffset": 8282556,
      "componentType": 5126,
      "count": 55319,
      "max": [
        0.9998404383659363,
        0.9998646378517151,
        0.9999999403953552
      ],
      "min": [
        -0.9998760223388672,
        -0.9977824091911316,
        -0.9999990463256836
      ],
      "type": "VEC3"
    },
    {
      "bufferView": 1,
      "byteOffset": 2539576,
      "componentType": 5126,
      "count": 55319,
      "max": [
        0.9958580732345581,
        0.9996881484985352
      ],
      "min": [
        0.0012588601093739271,
        -1.029571533203125
      ],
      "type": "VEC2"
    },
    {
      "bufferView": 0,
      "byteOffset": 7113288,
      "componentType": 5125,
      "count": 303726,
      "type": "SCALAR"
    },
    {
      "bufferView": 2,
      "byteOffset": 8946384,
      "componentType": 5126,
      "count": 17136,
      "max": [
        4.050506114959717,
        398.2618103027344,
        111.77690887451172
      ],
      "min": [
        -18.331214904785156,
        50.277427673339844,
        26.536155700683594
      ],
      "type": "VEC3"
    },
    {
      "bufferView": 2,
      "byteOffset": 9152016,
      "componentType": 5126,
      "count": 17136,
      "max": [
        0.999984860420227,
        0.717538595199585,
        0.9999516606330872
      ],
      "min": [
        -0.9999993443489075,
        -0.7244110703468323,
        -0.9998986124992371
      ],
      "type": "VEC3"
    },
    {
      "bufferView": 0,
      "byteOffset": 8328192,
      "componentType": 5125,
      "count": 97104,
      "type": "SCALAR"
    },
    {
      "bufferView": 2,
      "byteOffset": 9357648,
      "componentType": 5126,
      "count": 952,
      "max": [
        1.0198192596435547,
        1.0308811664581299,
        1.0658141036401503e-13
      ],
      "min": [
        -1.0346044301986694,
        -1.0308811664581299,
        -7.194245199571014e-14
      ],
      "type": "VEC3"
    },
    {
      "bufferView": 2,
      "byteOffset": 9369072,
      "componentType": 5126,
      "count": 952,
      "max": [
        1.7651656525341508e-10,
        1.8839127480241302e-10,
        1.0
      ],
      "min": [
        -2.1903896751940266e-10,
        -1.9747613266840602e-10,
        0.9999999403953552
      ],
      "type": "VEC3"
    },
    {
      "bufferView": 1,
      "byteOffset": 2982128,
      "componentType": 5126,
      "count": 952,
      "max": [
        1.0,
        1.0
      ],
      "min": [
        0.0,
        0.0033655166625976563
      ],
      "type": "VEC2"
    },
    {
      "bufferView": 0,
      "byteOffset": 8716608,
      "componentType": 5125,
      "count": 2850,
      "type": "SCALAR"
    },
    {
      "bufferView": 2,
      "byteOffset": 9380496,
      "componentType": 5126,
      "count": 952,
      "max": [
        1.0198192596435547,
        1.0308811664581299,
        8.881784197001252e-15
      ],
      "min": [
        -1.0346044301986694,
        -1.0308811664581299,
        -2.4868995751603507e-14
      ],
      "type": "VEC3"
    },
    {
      "bufferView": 2,
      "byteOffset": 9391920,
      "componentType": 5126,
      "count": 952,
      "max": [
        4.1871131561954655e-11,
        3.174732005062353e-11,
        -0.9999999403953552
      ],
      "min": [
        -2.5548162543853614e-11,
        -2.8236841684292635e-11,
        -1.0
      ],
      "type": "VEC3"
    },
    {
      "bufferView": 1,
      "byteOffset": 2989744,
      "componentType": 5126,
      "count": 952,
      "max": [
        0.9979510307312012,
        1.0
      ],
      "min": [
        0.0,
        0.0
      ],
      "type": "VEC2"
    },
    {
      "bufferView": 0,
      "byteOffset": 8728008,
      "componentType": 5125,
      "count": 2850,
      "type": "SCALAR"
    },
    {
      "bufferView": 2,
      "byteOffset": 9403344,
      "componentType": 5126,
      "count": 11424,
      "max": [
        -0.12275910377502441,
        413.8864440917969,
        82.11628723144531
      ],
      "min": [
        -6.784419059753418,
        73.37989044189453,
        8.991595268249512
      ],
      "type": "VEC3"
    },
    {
      "bufferView": 2,
      "byteOffset": 9540432,
      "componentType": 5126,
      "count": 11424,
      "max": [
        0.9999976754188538,
        0.596102774143219,
        0.9992859363555908
      ],
      "min": [
        -0.9999911785125732,
        -0.596143364906311,
        -0.9992954134941101
      ],
      "type": "VEC3"
    },
    {
      "bufferView": 0,
      "byteOffset": 8739408,
      "componentType": 5125,
      "count": 62832,
      "type": "SCALAR"
    },
    {
      "bufferView": 2,
      "byteOffset": 9677520,
      "componentType": 5126,
      "count": 952,
      "max": [
        1.0198192596435547,
        1.0308811664581299,
        5.417888360170764e-14
      ],
      "min": [
        -1.0346044301986694,
        -1.0308811664581299,
        -1.3322676295501878e-13
      ],
      "type": "VEC3"
    },
    {
      "bufferView": 2,
      "byteOffset": 9688944,
      "componentType": 5126,
      "count": 952,
      "max": [
        2.1206950084895482e-10,
        2.1040090503188225e-10,
        1.0
      ],
      "min": [
        -2.809304733286666e-10,
        -2.4169746759561406e-10,
        0.9999999403953552
      ],
      "type": "VEC3"
    },
    {
      "bufferView": 1,
      "byteOffset": 2997360,
      "componentType": 5126,
      "count": 952,
      "max": [
        0.9972190260887146,
        1.0
      ],
      "min": [
        0.0,
        0.0
      ],
      "type": "VEC2"
    },
    {
      "bufferView": 0,
      "byteOffset": 8990736,
      "componentType": 5125,
      "count": 2850,
      "type": "SCALAR"
    },
    {
      "bufferView": 2,
      "byteOffset": 9700368,
      "componentType": 5126,
      "count": 952,
      "max": [
        1.0198192596435547,
        1.0308811664581299,
        2.6645352591003757e-14
      ],
      "min": [
        -1.0346044301986694,
        -1.0308811664581299,
        -4.085620730620576e-14
      ],
      "type": "VEC3"
    },
    {
      "bufferView": 2,
      "byteOffset": 9711792,
      "componentType": 5126,
      "count": 952,
      "max": [
        6.364773985634287e-11,
        1.0704787056781129e-10,
        -0.9999999403953552
      ],
      "min": [
        -1.2752032763074794e-10,
        -7.984066185962035e-11,
        -1.0
      ],
      "type": "VEC3"
    },
    {
      "bufferView": 1,
      "byteOffset": 3004976,
      "componentType": 5126,
      "count": 952,
      "max": [
        0.9965232610702515,
        1.0
      ],
      "min": [
        0.0,
        0.0
      ],
      "type": "VEC2"
    },
    {
      "bufferView": 0,
      "byteOffset": 9002136,
      "componentType": 5125,
      "count": 2850,
      "type": "SCALAR"
    }
  ],
  "asset": {
    "extras": {
      "author": "Technics Polemics (https://sketchfab.com/technics.polemics)",
      "license": "CC-BY-4.0 (http://creativecommons.org/licenses/by/4.0/)",
      "source": "https://sketchfab.com/3d-models/balloons-in-the-shape-of-a-heart-58d36a28dfe34e0289134ab573c7cfba",
      "title": "Balloons in the shape of a heart"
    },
    "generator": "Sketchfab-13.74.0",
    "version": "2.0"
  },
  "bufferViews": [
    {
      "buffer": 0,
      "byteLength": 9013536,
      "name": "floatBufferViews",
      "target": 34963
    },
    {
      "buffer": 0,
      "byteLength": 3012592,
      "byteOffset": 9013536,
      "byteStride": 8,
      "name": "floatBufferViews",
      "target": 34962
    },
    {
      "buffer": 0,
      "byteLength": 9723216,
      "byteOffset": 12026128,
      "byteStride": 12,
      "name": "floatBufferViews",
      "target": 34962
    }
  ],
  "buffers": [
    {
      "byteLength": 21749344,
      "uri": "scene.bin"
    }
  ],
  "extensionsRequired": [
    "KHR_materials_pbrSpecularGlossiness"
  ],
  "extensionsUsed": [
    "KHR_materials_pbrSpecularGlossiness"
  ],
  "materials": [
    {
      "doubleSided": true,
      "extensions": {
        "KHR_materials_pbrSpecularGlossiness": {
          "diffuseFactor": [
            0.008329261933796989,
            0.008329261933796989,
            0.008329261933796989,
            1.0
          ],
          "glossinessFactor": 0.4,
          "specularFactor": [
            0.0,
            0.0,
            0.0
          ]
        }
      },
      "name": "Sweep_2__0"
    },
    {
      "doubleSided": true,
      "extensions": {
        "KHR_materials_pbrSpecularGlossiness": {
          "diffuseFactor": [
            0.6751395395437068,
            0.0031678874222727384,
            0.0031678874222727384,
            1.0
          ],
          "glossinessFactor": 1.0,
          "specularFactor": [
            0.28495324938133143,
            0.28495324938133143,
            0.28495324938133143
          ]
        }
      },
      "name": "material"
    },
    {
      "doubleSided": true,
      "extensions": {
        "KHR_materials_pbrSpecularGlossiness": {
          "diffuseFactor": [
            0.8,
            0.8,
            0.8,
            1.0
          ],
          "glossinessFactor": 0.04756828460010884,
          "specularFactor": [
            0.0,
            0.0,
            0.0
          ]
        }
      },
      "name": "Mat.1"
    }
  ],
  "meshes": [
    {
      "name": "Extrude_Mat_0",
      "primitives": [
        {
          "attributes": {
            "NORMAL": 1,
            "POSITION": 0,
            "TEXCOORD_0": 2
          },
          "indices": 3,
          "material": 1,
          "mode": 4
        }
      ]
    },
    {
      "name": "Extrude_Mat_0",
      "primitives": [
        {
          "attributes": {
            "NORMAL": 5,
            "POSITION": 4,
            "TEXCOORD_0": 6
          },
          "indices": 7,
          "material": 1,
          "mode": 4
        }
      ]
    },
    {
      "name": "Extrude_Mat_0",
      "primitives": [
        {
          "attributes": {
            "NORMAL": 9,
            "POSITION": 8,
            "TEXCOORD_0": 10
          },
          "indices": 11,
          "material": 1,
          "mode": 4
        }
      ]
    },
    {
      "name": "Extrude_2_Mat_0",
      "primitives": [
        {
          "attributes": {
            "NORMAL": 13,
            "POSITION": 12,
            "TEXCOORD_0": 14
          },
          "indices": 15,
          "material": 1,
          "mode": 4
        }
      ]
    },
    {
      "name": "Extrude_2_Mat_0",
      "primitives": [
        {
          "attributes": {
            "NORMAL": 17,
            "POSITION": 16,
            "TEXCOORD_0": 18
          },
          "indices": 19,
          "material": 1,
          "mode": 4
        }
      ]
    },
    {
      "name": "Extrude_2_Mat_0",
      "primitives": [
        {
          "attributes": {
            "NORMAL": 21,
            "POSITION": 20,
            "TEXCOORD_0": 22
          },
          "indices": 23,
          "material": 1,
          "mode": 4
        }
      ]
    },
    {
      "name": "Sweep_2__0",
      "primitives": [
        {
          "attributes": {
            "NORMAL": 25,
            "POSITION": 24
          },
          "indices": 26,
          "material": 0,
          "mode": 4
        }
      ]
    },
    {
      "name": "Cap_1_Mat.1_0",
      "primitives": [
        {
          "attributes": {
            "NORMAL": 28,
            "POSITION": 27,
            "TEXCOORD_0": 29
          },
          "indices": 30,
          "material": 2,
          "mode": 4
        }
      ]
    },
    {
      "name": "Cap_2_Mat.1_0",
      "primitives": [
        {
          "attributes": {
            "NORMAL": 32,
            "POSITION": 31,
            "TEXCOORD_0": 33
          },
          "indices": 34,
          "material": 2,
          "mode": 4
        }
      ]
    },
    {
      "name": "Sweep_2_2__0",
      "primitives": [
        {
          "attributes": {
            "NORMAL": 36,
            "POSITION": 35
          },
          "indices": 37,
          "material": 0,
          "mode": 4
        }
      ]
    },
    {
      "name": "Cap_1_2_Mat.1_0",
      "primitives": [
        {
          "attributes": {
            "NORMAL": 39,
            "POSITION": 38,
            "TEXCOORD_0": 40
          },
          "indices": 41,
          "material": 2,
          "mode": 4
        }
      ]
    },
    {
      "name": "Cap_2_2_Mat.1_0",
      "primitives": [
        {
          "attributes": {
            "NORMAL": 43,
            "POSITION": 42,
            "TEXCOORD_0": 44
          },
          "indices": 45,
          "material": 2,
          "mode": 4
        }
      ]
    }
  ],
  "nodes": [
    {
      "children": [
        1
      ],
      "matrix": [
        1.0,
        0.0,
        0.0,
        0.0,
        0.0,
        2.220446049250313e-16,
        -1.0,
        0.0,
        0.0,
        1.0,
        2.220446049250313e-16,
        0.0,
        0.0,
        0.0,
        0.0,
        1.0
      ],
      "name": "Sketchfab_model"
    },
    {
      "children": [
        2
      ],
      "matrix": [
        0.009999999776482582,
        0.0,
        0.0,
        0.0,
        0.0,
        0.0,
        0.009999999776482582,
        0.0,
        0.0,
        -0.009999999776482582,
        0.0,
        0.0,
        0.0,
        0.0,
        0.0,
        1.0
      ],
      "name": "9d6b887960fc407ab7acbe3efcbe39b7.fbx"
    },
    {
      "children": [
        3
      ],
      "name": "RootNode"
    },
    {
      "children": [
        4,
        15
      ],
      "matrix": [
        0.9360736379124991,
        0.0,
        0.3518041278968449,
        0.0,
        0.0,
        1.0,
        0.0,
        0.0,
        -0.3518041278968449,
        0.0,
        0.9360736379124991,
        0.0,
        710.0779418945313,
        43.30959701538086,
        -43.18220520019531,
        1.0
      ],
      "name": "1"
    },
    {
      "children": [
        5,
        10
      ],
      "matrix": [
        1.0,
        0.0,
        0.0,
        0.0,
        0.0,
        1.0,
        0.0,
        0.0,
        0.0,
        0.0,
        1.0,
        0.0,
        15.481266021728516,
        272.20184326171875,
        48.619903564453125,
        1.0
      ],
      "name": "Null"
    },
    {
      "children": [
        6
      ],
      "matrix": [
        0.7670306364876041,
        0.420482050648378,
        0.48462237646641526,
        0.0,
        -0.33450290968768176,
        0.906618957463898,
        -0.25719616905690745,
        0.0,
        -0.5475142062996134,
        0.035169746226118126,
        0.8360569854085873,
        0.0,
        2.4123849868774414,
        8.87485122680664,
        -18.973833084106445,
        1.0
      ],
      "name": "sharik_1"
    },
    {
      "children": [
        7,
        8,
        9
      ],
      "matrix": [
        1.0,
        1.110223024625156e-16,
        5.5511151231257796e-17,
        0.0,
        -1.110223024625156e-16,
        1.0,
        -8.326672684688673e-17,
        0.0,
        -5.551115123125781e-17,
        8.326672684688673e-17,
        1.0,
        0.0,
        -840.5772094726563,
        269.3547058105469,
        38.87342834472656,
        1.0
      ],
      "name": "Extrude"
    },
    {
      "mesh": 0,
      "name": "Extrude_Mat_0"
    },
    {
      "mesh": 1,
      "name": "Extrude_Mat_0"
    },
    {
      "mesh": 2,
      "name": "Extrude_Mat_0"
    },
    {
      "children": [
        11
      ],
      "matrix": [
        0.9057037033097761,
        -0.2894369424035793,
        0.30972093597789624,
        0.0,
        0.1214911981178534,
        0.8772071479966586,
        0.464486284279156,
        0.0,
        -0.4061289088341847,
        -0.3830585802140915,
        0.8296538034225595,
        0.0,
        -2.4123849868774414,
        -8.87485122680664,
        18.973833084106445,
        1.0
      ],
      "name": "sharik"
    },
    {
      "children": [
        12,
        13,
        14
      ],
      "matrix": [
        1.0,
        0.0,
        -5.551115123125783e-17,
        0.0,
        0.0,
        1.0,
        0.0,
        0.0,
        5.551115123125783e-17,
        0.0,
        1.0,
        0.0,
        -840.5772094726563,
        269.3547058105469,
        38.87342834472656,
        1.0
      ],
      "name": "Extrude_2"
    },
    {
      "mesh": 3,
      "name": "Extrude_2_Mat_0"
    },
    {
      "mesh": 4,
      "name": "Extrude_2_Mat_0"
    },
    {
      "mesh": 5,
      "name": "Extrude_2_Mat_0"
    },
    {
      "children": [
        16,
        22
      ],
      "matrix": [
        1.0,
        0.0,
        0.0,
        0.0,
        0.0,
        1.0,
        0.0,
        0.0,
        0.0,
        0.0,
        1.0,
        0.0,
        10.284274101257324,
        -128.1263885498047,
        42.47793960571289,
        1.0
      ],
      "name": "Null_1"
    },
    {
      "children": [
        17,
        18,
        20
      ],
      "matrix": [
        -0.07734266458362349,
        0.06792264847210568,
        0.9946882054491446,
        0.0,
        -0.11672930369882197,
        0.9901982341618107,
        -0.07669241631882462,
        0.0,
        -0.9901476566114233,
        -0.12204085745096388,
        -0.06865600643454428,
        0.0,
        75.67095947265625,
        24.81526756286621,
        17.30335807800293,
        1.0
      ],
      "name": "Sweep_2"
    },
    {
      "mesh": 6,
      "name": "Sweep_2__0"
    },
    {
      "children": [
        19
      ],
      "matrix": [
        0.26088111752292165,
        0.4884569685405347,
        -0.8326769075723084,
        0.0,
        -0.6754605508681979,
        -0.5238836692430335,
        -0.5189402136289751,
        0.0,
        -0.68970579723591,
        0.6978221055431297,
        0.19326205596166834,
        0.0,
        -4.01080322265625,
        397.5240783691406,
        27.925453186035156,
        1.0
      ],
      "name": "Cap_1"
    },
    {
      "mesh": 7,
      "name": "Cap_1_Mat.1_0"
    },
    {
      "children": [
        21
      ],
      "matrix": [
        0.5175701777236554,
        -0.07891120539268326,
        -0.851994209366811,
        0.0,
        -0.8549760345306816,
        -0.08693769371794291,
        -0.5113294611003713,
        0.0,
        -0.033720787495171156,
        0.9930835106245995,
        -0.11246354705515293,
        0.0,
        -16.358642578125,
        50.39848327636719,
        110.76150512695313,
        1.0
      ],
      "name": "Cap_2"
    },
    {
      "mesh": 8,
      "name": "Cap_2_Mat.1_0"
    },
    {
      "children": [
        23,
        24,
        26
      ],
      "matrix": [
        -0.5491008187779112,
        -6.724545601255597e-17,
        0.8357561192222455,
        0.0,
        -2.24815285542069e-16,
        1.0,
        -6.724545601255595e-17,
        0.0,
        -0.8357561192222455,
        -2.2481528554206896e-16,
        -0.5491008187779112,
        0.0,
        17.25090980529785,
        -13.813920021057129,
        35.95457458496094,
        1.0
      ],
      "name": "Sweep_2_2"
    },
    {
      "mesh": 9,
      "name": "Sweep_2_2__0"
    },
    {
      "children": [
        25
      ],
      "matrix": [
        -0.05177005996281503,
        0.5961193811963126,
        0.8012250272261671,
        0.0,
        0.9979190527883146,
        -2.220446049250313e-16,
        0.06447917556911725,
        0.0,
        0.03843728624031062,
        0.8028958110253943,
        -0.5948788882321803,
        0.0,
        -1.1557483673095703,
        413.27850341796875,
        9.82091236114502,
        1.0
      ],
      "name": "Cap_1_2"
    },
    {
      "mesh": 10,
      "name": "Cap_1_2_Mat.1_0"
    },
    {
      "children": [
        27
      ],
      "matrix": [
        -0.06290862591331847,
        -0.21936648743902093,
        0.9736122682949122,
        0.0,
        0.9979190527883146,
        1.5543122344752192e-15,
        0.0644791755691167,
        0.0,
        -0.01414457025756255,
        0.9756425288950179,
        0.21890999735864747,
        0.0,
        -5.201050281524658,
        73.60360717773438,
        72.42847442626953,
        1.0
      ],
      "name": "Cap_2_2"
    },
    {
      "mesh": 11,
      "name": "Cap_2_2_Mat.1_0"
    }
  ],
  "scene": 0,
  "scenes": [
    {
      "name": "Sketchfab_Scene",
      "nodes": [
        0
      ]
    }
  ]
}
